LINESTRING(-36.67139 -5.8322 , -62.83912 -10.91219 )| 720 | 11| Rondonia
LINESTRING(-36.67140 -5.8323 , -70.44996 -9.30596 )| 444 | 12| Acre
LINESTRING(-36.67141 -5.8324 , -64.69338 -4.18811 )| 1664 | 13| Amazonas
LINESTRING(-36.67142 -5.8325 , -61.39542 2.08035 )| 395 | 14| Roraima
LINESTRING(-36.67143 -5.8326 , -53.08359 -3.94833 )| 4445 | 15| Para
LINESTRING(-36.67144 -5.8327 , -51.93312 1.46375 )| 359 | 16| Amapa
LINESTRING(-36.67145 -5.8328 , -48.31198 -10.1507 )| 231 | 17| Tocantins
LINESTRING(-36.67146 -5.8329 , -45.27821 -5.07629 )| 3598 | 21| Maranhao
LINESTRING(-36.67147 -5.8330 , -42.96225 -7.36778 )| 3390 | 22| Piaui
LINESTRING(-36.67148 -5.8331 , -39.6022 -5.1071 )| 37475 | 23| Ceara
LINESTRING(-36.67149 -5.8332 , -36.83167 -7.12048 )| 97309 | 25| Paraiba
LINESTRING(-36.67150 -5.8333 , -37.97914 -8.32349 )| 29866 | 26| Pernambuco
LINESTRING(-36.67151 -5.8334 , -36.62442 -9.51445 )| 2972 | 27| Alagoas
LINESTRING(-36.67152 -5.8335 , -37.44905 -10.58073 )| 1831 | 28| Sergipe
LINESTRING(-36.67153 -5.8336 , -41.70232 -12.46848 )| 7825 | 29| Bahia
LINESTRING(-36.67154 -5.8337 , -44.6785 -18.46074 )| 4841 | 31| Minas Gerais
LINESTRING(-36.67155 -5.8338 , -40.67183 -19.57655 )| 538 | 32| Espirito Santo
LINESTRING(-36.67156 -5.8339 , -42.65502 -22.19074 )| 22514 | 33| Rio de Janeiro
LINESTRING(-36.67157 -5.8340 , -48.72468 -22.27655 )| 29608 | 35| Sao Paulo
LINESTRING(-36.67158 -5.8341 , -51.62113 -24.63245 )| 2382 | 41| Parana
LINESTRING(-36.67159 -5.8342 , -50.49239 -27.24414 )| 1174 | 42| Santa Catarina
LINESTRING(-36.67160 -5.8343 , -53.32019 -29.70615 )| 2381 | 43| Rio Grande do Sul
LINESTRING(-36.67161 -5.8344 , -54.84446 -20.32699 )| 1093 | 50| Mato Grosso do Sul
LINESTRING(-36.67162 -5.8345 , -55.90972 -12.94403 )| 516 | 51| Mato Grosso
LINESTRING(-36.67163 -5.8346 , -49.61787 -16.03579 )| 3132 | 52| Goias
LINESTRING(-36.67164 -5.8347 , -47.7973 -15.78271 )| 4926 | 53| Distrito Federal