LINESTRING(-54.84446 -20.32699 , -62.83912 -10.91219 )| 5576 | 11| Rondonia
LINESTRING(-54.84447 -20.32700 , -70.44996 -9.30596 )| 708 | 12| Acre
LINESTRING(-54.84448 -20.32701 , -64.69338 -4.18811 )| 1273 | 13| Amazonas
LINESTRING(-54.84449 -20.32702 , -61.39542 2.08035 )| 480 | 14| Roraima
LINESTRING(-54.84450 -20.32703 , -53.08359 -3.94833 )| 3196 | 15| Para
LINESTRING(-54.84451 -20.32704 , -51.93312 1.46375 )| 33 | 16| Amapa
LINESTRING(-54.84452 -20.32705 , -48.31198 -10.1507 )| 908 | 17| Tocantins
LINESTRING(-54.84453 -20.32706 , -45.27821 -5.07629 )| 3734 | 21| Maranhao
LINESTRING(-54.84454 -20.32707 , -42.96225 -7.36778 )| 4352 | 22| Piaui
LINESTRING(-54.84455 -20.32708 , -39.6022 -5.1071 )| 19398 | 23| Ceara
LINESTRING(-54.84456 -20.32709 , -36.67139 -5.8322 )| 3646 | 24| Rio Grande do Norte
LINESTRING(-54.84457 -20.32710 , -36.83167 -7.12048 )| 6180 | 25| Paraiba
LINESTRING(-54.84458 -20.32711 , -37.97914 -8.32349 )| 23217 | 26| Pernambuco
LINESTRING(-54.84459 -20.32712 , -36.62442 -9.51445 )| 15968 | 27| Alagoas
LINESTRING(-54.84460 -20.32713 , -37.44905 -10.58073 )| 7198 | 28| Sergipe
LINESTRING(-54.84461 -20.32714 , -41.70232 -12.46848 )| 24863 | 29| Bahia
LINESTRING(-54.84462 -20.32715 , -44.6785 -18.46074 )| 39191 | 31| Minas Gerais
LINESTRING(-54.84463 -20.32716 , -40.67183 -19.57655 )| 2063 | 32| Espirito Santo
LINESTRING(-54.84464 -20.32717 , -42.65502 -22.19074 )| 11212 | 33| Rio de Janeiro
LINESTRING(-54.84465 -20.32718 , -48.72468 -22.27655 )| 214946 | 35| Sao Paulo
LINESTRING(-54.84466 -20.32719 , -51.62113 -24.63245 )| 122668 | 41| Parana
LINESTRING(-54.84467 -20.32720 , -50.49239 -27.24414 )| 14462 | 42| Santa Catarina
LINESTRING(-54.84468 -20.32721 , -53.32019 -29.70615 )| 37741 | 43| Rio Grande do Sul
LINESTRING(-54.84469 -20.32722 , -55.90972 -12.94403 )| 30331 | 51| Mato Grosso
LINESTRING(-54.84470 -20.32723 , -49.61787 -16.03579 )| 14486 | 52| Goias
LINESTRING(-54.84471 -20.32724 , -47.7973 -15.78271 )| 1606 | 53| Distrito Federal